1273
1155.295 63.352 25.7312 0
1155.265 70.732 25.8432 0
1155.245 79.982 25.9709 0
1155.275 89.302 26.081 0
1155.305 106.082 26.2121 0
1155.305 116.412 26.2429 0
1155.155 129.422 26.3972 0
1155.085 146.102 26.6836 0
1155.105 161.072 26.9956 0
1155.105 168.482 27.1587 0
1154.985 181.532 27.4683 0
1154.965 192.672 27.7437 0
1154.985 203.672 28.021 0
1154.965 224.142 28.5537 0
1154.935 250.282 29.231 0
1154.945 265.102 29.5896 0
1154.935 277.922 29.8691 0
1154.735 283.882 30.0437 0
1154.495 287.682 30.2302 0
1153.545 296.962 30.7441 0
1152.095 307.712 31.4687 0
1150.495 320.721 32.4394 0
1149.625 328.221 33.0159 0
1148.905 335.602 33.5691 0
1148.395 340.221 33.9099 0
1148.265 342.952 34.0918 0
1148.045 348.702 34.4731 0
1148.025 350.552 34.5776 0
1148.065 354.252 34.7756 0
1148.225 357.292 34.9377 0
1148.705 361.692 35.0823 0
1149.166 364.712 35.1802 0
1149.995 367.511 35.2317 0
1151.425 370.312 35.281 0
1153.535 373.302 35.3237 0
1156.035 376.022 35.3479 0
1158.865 378.542 35.352 0
1161.775 380.802 35.3347 0
1166.475 384.192 35.2664 0
1169.845 386.422 35.1838 0
1178.425 391.832 34.8049 0
1183.605 394.882 34.4119 0
1193.405 400.832 33.4163 0
1197.835 404.152 32.8733 0
1201.485 407.482 32.3911 0
1204.755 411.272 31.9456 0
1207.365 415.742 31.5835 0
1208.895 420.752 31.3787 0
1209.085 423.302 31.3674 0
1209.085 426.292 31.3551 0
1209.015 429.602 31.4403 0
1209.035 444.452 31.8075 0
1209.095 456.962 32.0748 0
1208.995 467.042 32.2647 0
1209.055 482.042 32.5047 0
1209.055 504.572 32.9544 0
1209.055 527.082 34.0963 0
1209.075 537.022 34.9447 0
1209.105 551.942 36.4471 0
1209.045 571.882 38.0792 0
1209.125 591.812 39.1412 0
1209.065 614.272 39.9449 0
1209.145 631.772 40.2613 0
1209.075 639.332 40.2811 0
1209.115 649.221 40.255 0
1209.175 656.662 40.1971 0
1209.325 671.662 40.0457 0
1209.485 689.342 39.7716 0
1209.295 696.932 39.5958 0
1208.905 704.602 39.3509 0
1208.225 710.142 39.1561 0
1206.925 715.522 38.932 0
1205.035 720.632 38.6624 0
1202.745 725.422 38.3302 0
1199.695 730.122 37.9107 0
1196.385 734.452 37.4652 0
1192.765 738.402 37.024 0
1188.495 741.882 36.576 0
1184.035 745.011 36.1488 0
1179.185 747.732 35.7403 0
1174.035 749.842 35.3739 0
1169.835 751.152 35.1224 0
1163.666 752.252 35.0978 0
1157.785 752.522 34.7667 0
1151.825 752.422 34.43 0
1145.535 752.022 34.18 0
1139.285 751.082 33.9325 0
1127.625 748.842 33.6585 0
1120.095 747.502 33.5631 0
1112.785 746.412 33.4938 0
1107.475 746.052 33.4906 0
1099.865 745.932 33.5013 0
1092.345 745.932 33.6083 0
1079.675 746.032 33.7865 0
1061.945 746.042 33.8248 0
1046.035 745.922 33.8582 0
1025.095 745.971 33.959 0
1014.505 745.922 34.0377 0
1009.205 745.862 34.0797 0
998.715 745.922 34.1544 0
988.166 745.922 34.2388 0
969.745 745.922 34.4175 0
953.925 745.971 34.6546 0
940.825 745.812 34.8109 0
922.365 745.902 34.961 0
906.555 745.902 35.2308 0
883.005 745.842 35.7498 0
872.325 745.992 35.9883 0
861.895 745.922 36.2213 0
851.295 745.872 36.4114 0
840.785 745.872 36.5748 0
832.865 745.902 36.7205 0
817.125 745.922 37.0032 0
803.895 745.971 37.0909 0
788.225 745.971 37.1968 0
759.166 745.912 37.4278 0
735.515 745.932 37.6409 0
714.416 745.932 37.8592 0
696.055 745.982 38.0264 0
682.935 745.962 38.1317 0
672.465 745.971 38.1971 0
661.975 746.011 38.2459 0
653.945 745.971 38.275 0
632.905 746.002 38.2728 0
617.145 746.092 38.1815 0
601.345 746.032 37.9918 0
585.545 746.122 37.7947 0
559.215 746.392 36.9944 0
540.805 746.522 36.1362 0
530.285 746.572 35.5747 0
514.515 746.442 34.5602 0
501.385 746.372 33.528 0
475.285 746.202 30.9636 0
454.345 746.261 28.4804 0
436.135 746.352 26.192 0
411.105 746.302 22.7152 0
390.245 746.282 19.6195 0
373.495 746.022 16.9845 0
345.855 745.602 12.7333 0
342.025 745.662 12.1919 4
333.315 745.642 10.9587 4
326.455 745.662 9.94259 4
318.625 745.622 8.7214 4
315.655 745.642 8.23849 4
311.725 745.622 7.58248 4
306.315 745.692 6.5942 4
302.305 745.692 5.83307 4
298.255 745.692 5.02887 4
294.455 745.662 4.26373 4
290.855 745.642 3.54523 4
287.615 745.471 2.88702 4
284.385 745.212 2.23688 4
281.095 744.752 1.59308 4
277.775 744.221 0.964172 4
274.416 743.432 0.337952 4
271.005 742.482 -0.280945 4
267.525 741.352 -0.911476 4
264.035 739.962 -1.53794 4
260.575 738.511 -2.10557 4
257.265 736.872 -2.57725 4
254.105 735.052 -2.97276 4
250.916 733.082 -3.30454 4
247.875 730.902 -3.55772 4
244.595 728.422 -3.75327 4
241.565 725.732 -3.87315 4
238.805 723.172 -4.00203 4
232.455 715.652 -4.00203 4
227.335 708.132 -4.00203 4
223.845 700.992 -4.00203 4
220.115 691.652 -4.00203 4
217.405 683.932 -4.00203 4
216.755 677.202 -4.00203 4
216.555 657.471 -4.00203 4
216.555 645.652 -4.00203 4
216.625 622.152 -3.90335 4
216.555 606.432 -3.90335 4
216.565 590.702 -3.90335 4
216.575 571.042 -3.90335 4
216.615 555.221 -3.90335 4
216.625 540.152 -3.86708 4
216.635 528.261 -3.86708 4
216.635 497.732 -3.86719 5
216.735 464.742 -3.90336 4
216.635 448.942 -3.90336 4
216.675 433.302 -3.90336 4
216.795 431.022 -3.90336 4
217.395 426.202 -3.90336 4
218.615 421.742 -3.90336 4
221.575 415.252 -3.90336 4
227.335 407.692 -3.90336 4
232.805 403.252 -3.85328 4
262.095 386.252 -3.8591 4
273.265 379.692 -4.10808 4
280.595 375.112 -4.58921 4
292.725 367.721 -5.516 4
302.305 362.042 -5.51566 4
321.675 351.202 -5.516 4
326.725 346.862 -5.51566 4
330.795 342.252 -5.51566 4
333.555 336.362 -5.51566 4
334.865 332.362 -5.51566 4
335.675 328.322 -5.51566 4
335.975 324.122 -5.51566 4
335.925 308.342 -5.51566 4
335.995 288.752 -5.51566 4
335.825 273.032 -5.51566 4
335.725 261.412 -5.51566 4
335.805 230.452 -5.47925 5
335.785 198.292 -5.51566 4
336.185 191.682 -5.51566 4
337.115 185.052 -5.51566 4
338.535 178.582 -5.51566 4
340.585 172.172 -5.51566 4
343.145 166.032 -5.51566 4
346.295 160.192 -5.51566 4
352.085 150.062 -5.51566 4
357.975 139.812 -5.51566 4
361.925 132.952 -5.51554 4
364.115 129.362 -5.51896 4
366.435 126.112 -5.52067 4
369.275 122.902 -5.52164 4
372.295 119.822 -5.5214 4
375.065 116.702 -5.5214 4
377.385 113.582 -5.5214 4
379.635 110.142 -5.52134 4
382.285 106.322 -5.52134 4
388.155 99.852 -5.52134 4
393.755 94.332 -5.52134 4
399.325 88.832 -5.52134 4
404.855 83.182 -5.52134 4
409.395 78.792 -5.52134 4
413.145 75.842 -5.52134 4
417.275 73.452 -5.52134 4
421.745 71.792 -5.52134 4
429.935 69.122 -5.52134 4
435.685 66.761 -5.52134 4
441.345 63.962 -5.52134 4
446.565 60.511 -5.52134 4
451.565 56.622 -5.52134 4
456.285 52.522 -5.52134 4
460.465 47.692 -5.52134 4
465.475 41.032 -5.52134 4
469.685 33.812 -5.52134 4
472.285 28.092 -5.52134 4
474.245 22.212 -5.52134 4
475.825 16.282 -5.59287 4
480.975 -2.6080000000002 -6.9625 4
484.955 -17.688 -9.0816 4
489.045 -32.748 -11.2755 4
493.135 -47.878 -13.3996 4
497.205 -63.068 -14.633 4
499.795 -72.708 -14.8413 4
500.905 -78.908 -14.8413 4
501.445 -83.138 -14.8413 4
501.615 -87.378 -14.8413 4
501.615 -91.478 -14.8413 4
501.305 -95.718 -14.8413 4
500.465 -101.828 -14.8413 4
499.125 -107.938 -14.8413 4
496.435 -115.868 -14.8413 4
493.795 -121.598 -14.8413 4
491.765 -125.268 -14.8413 4
488.375 -130.548 -14.8413 4
484.615 -135.518 -14.8413 4
481.875 -138.638 -14.8413 4
477.465 -143.158 -14.8413 4
472.675 -147.138 -14.8413 4
467.525 -150.718 -14.8413 4
448.545 -161.448 -14.8413 4
438.325 -167.338 -14.8413 4
434.245 -169.938 -14.8413 4
430.675 -173.138 -14.8413 4
427.655 -175.888 -14.8413 4
425.905 -177.008 -14.8413 4
420.785 -180.138 -14.8413 4
410.655 -186.198 -14.8413 4
400.505 -192.108 -14.8413 4
390.185 -197.968 -14.8413 4
383.405 -201.848 -14.8413 4
376.625 -205.788 -14.8413 4
369.865 -209.658 -14.8413 4
343.765 -224.768 -14.8049 5
315.195 -241.038 -14.8413 4
311.295 -243.718 -14.8413 4
307.675 -246.838 -14.8413 4
304.455 -250.418 -14.8413 4
301.916 -254.388 -14.8413 4
298.015 -261.279 -14.8413 4
292.265 -271.588 -14.8413 4
288.205 -278.258 -14.8413 4
285.085 -283.378 -14.8413 4
282.485 -286.678 -14.8413 4
279.535 -289.798 -14.8413 4
276.285 -292.368 -14.8413 4
272.805 -294.398 -14.8413 4
268.865 -295.978 -14.8413 4
264.755 -297.098 -14.8413 4
260.666 -297.638 -14.8413 4
254.615 -297.708 -14.8413 4
242.925 -297.739 -14.8413 4
231.145 -297.739 -14.8413 4
219.285 -297.748 -14.8413 4
207.565 -297.718 -14.8413 4
199.595 -297.718 -14.8413 4
193.655 -297.658 -14.8413 4
189.445 -297.418 -14.8413 4
185.265 -296.938 -14.8413 4
181.155 -296.208 -14.8413 4
177.125 -295.228 -14.8413 4
173.085 -293.998 -14.8413 4
169.175 -292.578 -14.8413 4
165.325 -290.968 -14.8413 4
161.555 -289.068 -14.8413 4
156.295 -286.048 -14.8413 4
149.505 -282.198 -14.8413 4
139.205 -276.338 -14.8413 4
132.475 -272.489 -14.8413 4
125.605 -268.588 -14.8413 4
118.855 -264.558 -14.8413 4
111.975 -260.638 -14.8413 4
105.255 -256.698 -14.8413 4
101.715 -254.518 -14.8413 4
98.205 -252.078 -14.8413 4
93.395 -247.948 -14.8413 4
90.365 -245.098 -14.8413 4
87.285 -242.378 -14.8414 4
84.245 -239.788 -14.8414 4
81.145 -237.348 -14.8431 4
77.925 -235.228 -14.8453 4
74.785 -232.758 -14.837 4
71.635 -229.958 -14.816 4
68.395 -227.038 -14.7848 4
64.185 -222.428 -14.7848 4
60.355 -217.558 -14.7848 4
56.985 -212.098 -14.7848 4
54.155 -206.578 -14.7848 4
52.405 -202.798 -14.7848 4
50.425 -196.848 -14.7848 4
46.666 -183.438 -14.7848 4
42.645 -168.258 -14.7848 4
40.416 -160.328 -14.7848 4
38.755 -156.008 -14.7848 4
37.055 -152.008 -14.7848 4
35.115 -147.898 -14.7848 4
30.285 -139.208 -14.7848 4
18.315 -118.948 -14.7848 4
0.79500000000007 -88.348 -14.7848 4
-9.2449999999999 -71.208 -14.7848 4
-13.135 -64.338 -14.7848 4
-15.045 -60.688 -14.7848 4
-16.325 -56.529 -14.7848 4
-22.435 -33.779 -14.7848 4
-24.385 -26.248 -14.7848 4
-26.055 -21.758 -14.7848 4
-28.075 -17.518 -14.7848 4
-30.785 -13.518 -14.7848 4
-33.885 -9.8580000000002 -14.7848 4
-36.665 -6.8780000000002 -14.7848 4
-39.045 -3.3980000000001 -14.7848 4
-40.725 0.48199999999997 -14.7848 4
-41.975 4.3820000000001 -14.7848 4
-46.145 19.622 -14.7848 4
-49.295 31.132 -14.7848 4
-51.565 39.062 -14.7848 4
-52.985 43.122 -14.7848 4
-54.745 47.322 -14.7848 4
-56.745 51.332 -14.7848 4
-59.895 56.562 -14.7848 4
-65.855 66.732 -14.7848 4
-71.875 77.302 -14.7848 4
-89.985 108.962 -14.785 5
-107.385 138.742 -14.7848 4
-111.315 144.162 -14.7848 4
-115.745 149.112 -14.7848 4
-119.955 153.221 -14.7848 4
-125.385 159.002 -14.7848 4
-133.765 167.542 -14.7848 4
-142.195 175.652 -14.7157 4
-150.555 184.011 -14.0995 4
-158.825 192.221 -12.881 4
-167.195 200.732 -11.2863 4
-175.555 208.992 -10.2572 4
-185.225 218.752 -9.84146 4
-188.125 221.952 -9.84146 4
-190.735 225.232 -9.84146 4
-193.185 228.742 -9.84146 4
-205.175 249.342 -9.84146 4
-215.025 266.272 -9.84146 4
-224.795 283.462 -9.84146 4
-232.565 297.032 -9.84146 4
-238.485 307.162 -9.84146 4
-243.505 315.802 -9.84146 4
-246.315 321.511 -9.84146 4
-248.415 327.342 -9.84146 4
-250.645 334.912 -9.87368 4
-253.084 341.852 -9.90225 4
-256.025 349.072 -9.89785 4
-258.245 356.462 -9.89792 4
-263.375 375.402 -9.89792 4
-268.455 394.452 -9.89792 4
-270.515 401.912 -9.89792 4
-273.605 413.382 -9.89792 4
-275.584 421.102 -9.89792 4
-276.305 425.302 -9.89792 4
-276.735 429.522 -9.89792 4
-276.875 431.612 -9.89792 4
-276.905 433.662 -9.89792 4
-276.905 435.592 -9.89792 4
-276.925 467.761 -9.86176 5
-276.885 498.942 -9.89328 4
-276.945 514.471 -9.20578 4
-276.985 526.232 -7.97043 4
-276.834 537.912 -6.33718 4
-276.995 565.242 -2.50229 4
-276.995 584.942 -0.782568 4
-276.925 592.802 -0.5781 4
-276.745 599.072 -0.5781 4
-276.325 603.212 -0.5781 4
-275.895 605.202 -0.5781 4
-275.334 607.212 -0.5781 4
-267.225 637.971 -0.5781 4
-261.175 660.782 -0.5781 4
-255.105 683.662 -0.5781 4
-250.995 698.832 -0.5781 4
-246.925 713.872 -0.5781 4
-241.865 733.022 -0.5781 4
-240.095 741.622 -0.5781 4
-239.445 748.252 -0.5781 4
-239.265 752.692 -0.578205 4
-239.435 760.002 -0.573078 4
-239.975 767.782 -0.572346 4
-240.285 771.712 -0.57259 4
-240.385 775.632 -0.57259 4
-240.365 779.672 -0.572556 4
-240.445 783.721 -0.572556 4
-240.385 791.652 -0.572556 4
-240.395 803.572 -0.572556 4
-240.315 816.492 -0.536093 0
-240.435 824.292 -0.536093 0
-240.465 833.112 -0.536093 0
-240.395 842.511 -0.572556 4
-240.445 866.062 -0.572556 4
-240.465 874.072 -0.575354 4
-240.385 881.772 -0.780676 4
-240.485 893.752 -1.62198 4
-240.375 905.182 -3.02653 4
-240.475 924.932 -5.8014 4
-240.515 948.302 -8.86606 4
-240.515 967.732 -9.88877 4
-240.355 1001.662 -9.892 5
-240.305 1031.082 -9.89243 4
-240.475 1046.572 -9.89243 4
-240.465 1062.352 -9.89243 4
-240.405 1078.112 -9.89243 4
-240.525 1093.802 -9.89243 4
-240.705 1098.172 -9.89243 4
-241.084 1102.582 -9.89243 4
-241.655 1107.062 -9.89243 4
-242.605 1111.362 -9.89243 4
-243.795 1115.622 -9.89243 4
-245.185 1119.882 -9.89243 4
-246.715 1123.982 -9.89243 4
-248.535 1128.022 -9.89243 4
-250.605 1131.912 -9.89243 4
-256.595 1142.022 -9.89243 4
-260.575 1148.971 -9.89243 4
-266.455 1159.162 -9.89243 4
-269.345 1164.632 -9.89243 4
-271.115 1168.422 -9.89243 4
-272.535 1172.511 -9.89243 4
-273.705 1176.462 -9.89243 4
-274.685 1180.662 -9.89243 4
-275.465 1184.602 -9.89243 4
-275.855 1188.732 -9.89243 4
-276.025 1193.072 -9.89243 4
-276.105 1199.011 -9.89243 4
-276.055 1206.942 -9.89243 4
-276.095 1218.872 -9.89243 4
-276.065 1226.542 -9.89243 4
-275.975 1236.252 -9.89643 4
-275.834 1245.372 -9.89863 4
-275.535 1253.052 -9.89814 4
-275.385 1261.011 -9.89814 4
-275.355 1268.782 -9.89811 4
-275.275 1276.602 -9.6923 4
-275.195 1288.452 -8.8671 4
-275.275 1304.072 -6.89615 4
-275.275 1316.042 -5.63517 4
-275.275 1327.752 -5.02481 4
-275.375 1336.122 -4.95475 4
-275.795 1340.542 -4.95475 4
-276.525 1344.982 -4.95475 4
-278.025 1351.422 -4.95475 4
-280.995 1362.792 -4.95475 4
-285.105 1377.952 -4.95475 4
-294.155 1411.332 -4.8808 5
-302.415 1442.542 -4.95475 4
-305.565 1453.852 -4.95475 4
-308.595 1465.292 -4.95475 4
-311.035 1475.032 -4.95475 4
-311.955 1479.072 -4.95475 4
-312.525 1483.242 -4.95475 4
-312.845 1487.352 -4.95475 4
-312.965 1491.572 -4.95475 4
-312.895 1503.332 -4.95475 4
-312.795 1515.162 -4.95475 4
-312.845 1523.072 -4.95488 4
-312.845 1527.982 -4.9522 4
-312.795 1533.282 -4.95 4
-312.645 1537.892 -4.94878 4
-312.435 1541.812 -4.94878 4
-311.975 1549.552 -4.94902 4
-311.875 1553.582 -4.94902 4
-311.945 1557.752 -4.94907 4
-311.955 1577.202 -4.94907 4
-311.955 1604.742 -4.94907 4
-312.055 1620.432 -4.94907 4
-311.685 1626.682 -4.94907 4
-311.265 1630.822 -4.94907 4
-310.525 1634.922 -4.94907 4
-309.525 1638.962 -4.94907 4
-307.395 1646.612 -4.94907 4
-303.395 1661.782 -4.94907 4
-299.355 1676.992 -5.1605 4
-295.265 1692.232 -6.40928 4
-290.205 1711.032 -9.07635 4
-287.215 1722.312 -10.7155 4
-284.285 1733.692 -12.3579 4
-281.084 1745.082 -13.591 4
-278.965 1752.582 -14.0639 4
-277.084 1759.932 -14.2649 4
-269.305 1788.852 -14.1937 5
-260.765 1820.992 -14.269 4
-260.084 1823.012 -14.269 4
-257.545 1828.732 -14.269 4
-255.445 1832.392 -14.269 4
-251.675 1837.502 -14.269 4
-247.565 1842.182 -14.269 4
-244.675 1845.102 -14.269 4
-241.565 1847.802 -14.269 4
-232.995 1853.932 -14.269 4
-221.005 1860.782 -14.269 4
-203.985 1870.772 -14.269 4
-196.465 1874.532 -14.269 4
-192.595 1876.122 -14.269 4
-188.595 1877.382 -14.269 4
-179.045 1880.022 -14.269 4
-156.235 1886.062 -14.269 4
-133.365 1892.122 -14.269 4
-119.725 1895.552 -14.269 4
-117.645 1895.882 -14.269 4
-111.355 1896.462 -14.269 4
-103.115 1896.592 -14.269 4
-95.315 1896.472 -14.269 4
-75.755 1896.582 -14.2692 4
-72.165 1896.722 -14.2748 4
-68.465 1896.912 -14.2748 4
-64.455 1897.462 -14.2748 4
-60.375 1898.362 -14.2748 4
-56.334 1899.382 -14.2748 4
-52.545 1900.672 -14.2748 4
-48.625 1901.572 -14.2748 4
-44.845 1902.142 -14.2748 4
-41.115 1902.402 -14.2748 4
-37.145 1902.612 -14.273 4
-21.495 1902.702 -13.5875 4
2.125 1902.642 -10.6973 4
29.435 1902.572 -6.85963 4
48.715 1902.592 -4.14919 4
68.295 1902.592 -1.60624 4
84.065 1902.492 -0.647497 4
119.416 1902.422 -0.54187 5
150.865 1902.412 -0.578161 4
154.975 1902.252 -0.578161 4
159.185 1901.612 -0.578161 4
164.215 1899.912 -0.578161 4
168.905 1898.132 -0.578161 4
174.725 1895.382 -0.578161 4
180.175 1892.132 -0.578161 4
185.265 1888.462 -0.578161 4
191.455 1882.862 -0.578161 4
196.965 1876.572 -0.578161 4
201.805 1869.692 -0.578161 4
203.815 1866.122 -0.578161 4
206.635 1860.492 -0.578161 4
208.885 1854.642 -0.578161 4
210.075 1850.472 -0.580847 4
214.245 1835.292 -1.28007 4
218.105 1820.172 -3.06327 4
221.185 1808.712 -4.50443 4
225.255 1793.562 -5.45341 4
229.505 1778.462 -5.52152 4
234.375 1759.512 -5.52152 4
236.925 1751.712 -5.42277 4
239.916 1744.642 -5.14225 4
241.666 1741.182 -4.9069 4
243.475 1737.742 -4.66276 4
245.155 1734.162 -4.46183 4
248.255 1726.912 -4.15788 4
250.465 1720.792 -4.02939 4
252.595 1714.442 -4.02939 4
255.235 1708.442 -4.02939 4
257.335 1704.342 -4.02939 4
261.005 1698.862 -4.02939 4
264.995 1693.482 -4.02939 4
269.425 1688.602 -4.02939 4
274.455 1684.202 -4.02939 4
279.705 1680.092 -4.02939 4
285.345 1676.632 -4.02939 4
292.175 1672.652 -4.02939 4
305.775 1664.812 -4.02939 4
314.325 1659.752 -4.02939 4
317.725 1657.192 -4.02939 4
320.655 1654.232 -4.02939 4
324.225 1649.042 -4.02939 4
326.865 1643.462 -4.02939 4
328.445 1637.602 -4.02939 4
330.555 1629.952 -4.02939 4
335.625 1611.002 -4.02939 4
338.655 1599.622 -4.02939 4
343.685 1580.672 -4.02939 4
345.465 1572.402 -4.02939 4
346.115 1566.182 -4.02939 4
346.105 1561.962 -4.02939 4
346.225 1538.402 -4.02939 4
346.055 1518.782 -4.02939 4
346.125 1487.312 -4.02939 4
346.185 1471.592 -4.02939 4
346.185 1435.802 -4.029 5
346.215 1404.802 -4.02939 4
345.955 1398.532 -4.02939 4
345.455 1394.432 -4.02939 4
344.795 1390.282 -4.02939 4
343.835 1386.132 -4.02939 4
340.655 1374.702 -4.02939 4
337.575 1363.302 -4.02939 4
334.505 1351.362 -4.02939 4
333.565 1344.782 -4.02939 4
333.085 1336.112 -4.02939 4
332.875 1320.382 -4.02939 4
332.825 1300.612 -4.02939 4
332.825 1277.072 -4.02939 4
333.166 1261.352 -4.02939 4
333.055 1245.602 -4.02939 4
333.035 1229.812 -4.02939 4
333.015 1206.252 -4.02939 4
333.005 1190.452 -4.02939 4
332.975 1178.872 -4.02939 4
332.905 1174.822 -4.10089 4
332.666 1170.942 -4.3028 4
332.265 1166.971 -4.70343 4
331.865 1163.092 -5.11066 4
331.675 1159.492 -5.33088 4
331.625 1155.732 -5.44639 4
331.855 1151.221 -5.44639 4
332.525 1144.462 -5.44639 4
333.785 1137.982 -5.44639 4
336.245 1128.352 -5.44638 4
340.315 1113.092 -5.44638 4
342.435 1105.502 -5.44638 4
343.445 1101.511 -5.44638 4
344.055 1097.462 -5.44638 4
344.615 1093.212 -5.44638 4
344.815 1088.992 -5.44638 4
344.955 1053.752 -5.446 5
344.815 1024.002 -5.44638 4
344.815 1008.372 -5.44638 4
344.835 992.502 -5.44638 4
344.515 988.362 -5.44638 4
343.685 984.382 -5.44638 4
341.815 978.232 -5.44638 4
339.485 972.622 -5.44638 4
335.385 965.282 -5.44638 4
331.825 960.022 -5.44638 4
326.485 953.652 -5.44638 4
321.935 949.302 -5.44638 4
317.135 945.452 -5.44638 4
310.135 940.802 -5.44638 4
306.095 938.102 -5.35481 4
295.125 930.482 -4.6678 4
288.745 925.882 -4.13948 4
281.985 921.662 -3.90336 4
275.245 917.782 -3.90336 4
264.955 911.702 -3.90336 4
254.666 906.011 -3.90336 4
249.095 902.292 -3.90336 4
243.725 898.392 -3.90336 4
239.015 893.782 -3.90336 4
234.325 889.022 -3.90336 4
230.395 883.692 -3.90336 4
226.895 878.062 -3.90336 4
223.735 872.052 -3.90336 4
221.325 865.892 -3.90336 4
219.465 859.532 -3.90336 4
218.035 853.032 -4.00203 4
217.115 846.332 -4.00203 4
216.825 835.952 -4.00203 4
216.885 827.942 -4.00203 4
219.805 819.132 -4.00203 4
224.175 807.632 -4.00203 4
227.265 801.602 -4.00203 4
231.905 794.132 -4.00227 4
238.995 785.802 -3.90281 4
244.635 780.721 -3.75266 4
247.865 778.192 -3.55759 4
250.985 776.011 -3.29832 4
254.105 774.032 -2.97092 4
257.325 772.282 -2.57322 4
260.605 770.622 -2.103 4
264.075 769.132 -1.53098 4
267.555 767.802 -0.908913 4
271.045 766.652 -0.275871 4
274.435 765.702 0.341805 4
277.805 764.982 0.96534 4
281.135 764.362 1.59986 4
284.416 763.922 2.24122 4
287.595 763.662 2.88111 4
294.445 763.442 4.26051 4
302.335 763.492 5.8379 4
306.325 763.532 6.59457 4
314.195 763.492 7.96151 4
322.055 763.502 9.23104 4
327.225 763.492 10.0577 0
333.605 763.511 10.9632 0
345.705 763.402 12.7099 0
390.235 762.812 19.619 0
411.105 762.742 22.716 0
436.185 762.682 26.1981 0
449.325 762.742 27.8493 0
465.045 762.702 29.7985 0
480.725 762.772 31.5493 0
490.995 762.721 32.581 0
501.695 762.552 33.5541 0
514.785 762.532 34.5793 0
535.515 762.502 35.883 0
546.335 762.522 36.4013 0
557.095 762.622 36.9151 0
569.975 762.832 37.3922 0
582.605 762.912 37.761 0
603.935 763.072 38.0274 0
617.125 763.132 38.1817 0
630.275 763.162 38.2637 0
640.785 763.122 38.2891 0
653.995 763.132 38.275 0
664.235 763.252 38.2376 0
672.135 763.122 38.199 0
682.675 763.142 38.1339 0
693.185 763.122 38.0489 0
703.695 763.122 37.9671 0
714.235 763.152 37.8609 0
730.025 763.102 37.699 0
740.605 763.112 37.5914 0
748.475 763.132 37.5247 0
756.365 763.212 37.4537 0
766.885 763.082 37.3592 0
774.765 763.002 37.2952 0
782.666 763.002 37.2366 0
793.225 763.042 37.1612 0
803.775 763.032 37.0901 0
811.666 763.072 37.0511 0
822.215 763.092 36.96 0
830.045 763.011 36.7881 0
838.005 763.062 36.6165 0
848.495 762.982 36.4605 0
856.345 762.942 36.3214 0
866.925 763.032 36.1089 0
882.735 763.062 35.7559 0
895.615 763.052 35.5086 0
906.375 763.022 35.2354 0
914.275 763.122 35.0814 0
922.166 763.122 34.9617 0
930.055 763.052 34.942 0
937.435 763.032 34.8682 0
946.666 763.072 34.7149 0
959.545 763.122 34.6004 0
969.505 763.172 34.4219 0
977.945 763.152 34.3387 0
990.565 763.192 34.2149 0
998.495 763.152 34.1558 0
1006.925 763.162 34.0977 0
1016.885 763.122 34.0189 0
1038.525 763.082 33.8814 0
1057.065 763.142 33.8482 0
1070.105 763.212 33.8001 0
1080.155 763.162 33.8138 0
1088.625 763.062 33.8871 0
1093.455 762.782 34.1249 0
1100.945 762.502 34.493 0
1113.715 762.302 35.0516 0
1120.445 762.582 35.1805 0
1127.175 763.282 35.3092 0
1133.795 764.812 35.5167 0
1140.245 766.442 35.7171 0
1153.065 770.992 35.7643 0
1158.655 773.322 35.9806 0
1164.215 775.552 36.0077 0
1169.385 777.202 35.9713 0
1178.605 780.112 36.0624 0
1195.715 785.721 36.3009 0
1203.655 788.202 36.5099 0
1209.075 789.822 36.6337 0
1215.745 791.772 36.8822 0
1220.325 793.062 37.0687 0
1227.495 794.942 37.4413 0
1237.265 797.322 38.0453 0
1246.885 799.742 38.5561 0
1254.275 801.602 38.8793 0
1263.985 804.202 39.2768 0
1276.155 807.632 39.7765 0
1283.895 809.932 40.1012 0
1285.605 810.462 40.1576 0
1287.995 811.242 40.237 0
1295.735 813.682 40.4916 0
1297.705 814.362 40.5255 0
1307.185 817.792 40.6845 0
1314.825 820.822 40.7265 0
1321.435 823.721 40.7333 0
1326.915 826.152 40.7257 0
1335.705 830.432 40.7067 0
1342.185 834.662 40.6748 0
1348.455 839.112 40.5625 0
1357.485 845.992 40.2649 0
1363.345 850.522 39.9702 0
1369.085 854.852 39.5869 0
1375.135 858.952 39.0784 0
1382.835 863.712 38.4751 0
1389.065 866.692 37.9917 0
1394.015 868.852 37.5654 0
1398.985 870.822 37.0723 0
1403.895 872.322 36.5742 0
1410.725 873.912 35.8452 0
1417.765 874.932 35.0293 0
1425.075 875.492 34.0669 0
1432.325 875.962 33.034 0
1439.625 876.132 32.1724 0
1446.985 876.282 31.5921 0
1454.425 876.282 31.3218 0
1472.005 876.292 31.1782 0
1487.925 876.261 31.1782 0
1502.285 876.261 31.1782 0
1507.065 876.261 31.1782 0
1514.995 876.261 31.1782 0
1529.345 876.272 31.1782 0
1540.485 876.261 31.1782 0
1553.235 876.312 31.1782 0
1572.365 876.302 31.3335 0
1586.745 876.282 31.1782 0
1605.955 876.242 31.1782 0
1628.305 876.312 31.1782 0
1644.265 876.302 31.1782 1
1668.175 876.332 31.1782 0
1679.315 876.272 31.1782 0
1696.805 876.302 31.1782 0
1715.945 876.272 31.1782 0
1731.335 876.342 31.4266 0
1746.355 876.322 31.9937 0
1754.685 876.261 32.3941 0
1766.365 876.242 33.9603 0
1787.965 876.272 36.1802 0
1798.275 876.272 36.1542 0
1833.325 876.221 36.1542 0
1863.595 876.292 36.1542 0
1892.275 876.282 36.1542 1
1906.635 876.252 36.1542 0
1928.405 876.232 36.1544 0
1944.365 876.212 36.1544 0
1957.105 876.232 36.1544 0
1966.625 876.221 36.2714 0
1981.015 876.272 36.2714 0
2008.115 876.232 36.2714 0
2032.005 876.312 36.2714 0
2054.035 876.182 36.2714 0
2066.775 876.302 36.2714 0
2087.525 876.362 36.2714 0
2108.235 876.342 36.2714 0
2125.635 876.312 36.2714 0
2140.435 876.062 36.15 0
2177.085 876.092 35.0394 0
2213.885 876.142 33.9247 0
2238.365 876.132 33.1832 0
2262.935 876.052 32.4388 0
2275.125 876.062 32.0697 0
2287.415 876.112 31.6976 0
2293.515 876.092 31.5094 0
2302.535 876.102 30.8407 0
2311.485 876.042 30.1756 0
2320.265 875.832 29.5218 0
2328.815 875.442 28.8846 0
2337.265 874.832 28.255 0
2345.385 873.912 27.6485 0
2353.095 872.672 27.0731 0
2360.445 870.952 26.523 0
2367.375 868.892 26.0072 0
2373.755 866.362 25.5338 0
2379.645 863.202 25.0975 0
2384.935 859.562 24.7135 0
2389.795 855.112 24.3792 0
2396.405 848.532 23.7704 0
2403.165 841.802 23.1561 0
2409.955 835.102 22.5404 0
2416.615 828.342 21.9286 0
2423.395 821.662 21.3146 0
2426.775 818.282 21.0743 0
2430.095 814.942 20.9195 0
2433.635 811.482 20.8561 0
2437.885 807.882 20.8673 0
2442.065 804.532 20.867 0
2446.215 801.511 20.867 0
2450.325 798.852 20.8673 0
2454.535 796.471 20.867 0
2458.575 794.372 20.867 0
2462.705 792.542 20.867 0
2466.765 791.062 20.867 0
2470.935 789.902 20.867 0
2474.995 789.002 20.867 0
2479.045 788.452 20.867 0
2483.135 788.212 20.8155 0
2487.035 788.342 20.7018 0
2491.125 788.692 20.5641 0
2495.265 789.352 20.4454 0
2499.525 790.292 20.3959 0
2503.805 791.562 20.3956 0
2508.085 793.092 20.3959 0
2512.315 794.982 20.3959 0
2516.415 797.261 20.3959 0
2520.435 799.922 20.3959 0
2524.125 803.002 20.3959 0
2527.615 806.492 20.3959 0
2530.705 810.452 20.3959 0
2533.305 814.962 20.3959 0
2535.375 819.622 20.3959 0
2537.055 824.802 20.3959 0
2538.375 830.162 20.3959 0
2539.355 835.992 20.3959 0
2540.145 841.982 20.3959 0
2540.775 848.342 20.3959 0
2541.325 854.842 20.3959 0
2541.575 861.622 20.3959 0
2541.665 868.602 20.3959 0
2541.645 875.682 20.3959 0
2541.605 882.942 20.3959 0
2541.555 890.292 20.3959 0
2541.525 897.652 20.1355 0
2541.745 905.022 19.9628 0
2541.825 914.172 19.7169 0
2541.805 923.352 19.7046 0
2541.845 932.612 19.7169 0
2541.835 941.852 19.7169 0
2541.825 949.842 19.7046 1
2541.825 960.302 19.7416 0
2541.895 969.572 19.7046 0
2541.845 978.682 19.6923 0
2541.895 987.971 19.7325 0
2541.875 997.152 19.7063 0
2541.845 1006.412 19.7063 0
2541.645 1015.592 19.9589 0
2541.435 1025.242 20.1332 0
2540.665 1029.822 20.3947 0
2539.425 1034.652 20.3952 0
2537.945 1039.122 20.3957 0
2536.145 1043.682 20.3957 0
2533.865 1048.132 20.3957 0
2531.555 1052.702 20.3957 0
2528.965 1057.202 20.3957 0
2525.895 1061.832 20.3957 0
2522.455 1066.261 20.3957 0
2518.835 1070.892 20.3957 0
2514.855 1075.492 20.3957 0
2510.545 1080.102 20.3957 0
2505.815 1084.721 20.3957 0
2500.475 1089.342 20.3957 0
2494.485 1093.782 20.3957 0
2488.095 1098.302 20.3957 0
2481.155 1102.672 20.3957 0
2473.945 1107.122 20.3957 0
2466.415 1111.532 20.3957 0
2458.905 1115.952 20.3957 0
2451.305 1120.452 20.3957 0
2443.825 1124.902 20.3957 0
2436.445 1129.682 20.3957 0
2429.365 1134.462 20.3957 0
2422.785 1139.372 20.3957 0
2416.475 1144.462 20.3957 0
2410.535 1149.772 20.3957 0
2404.755 1155.182 20.3957 0
2399.135 1160.582 20.3957 0
2393.625 1166.172 20.3957 0
2388.255 1171.812 20.3957 0
2382.955 1177.632 20.3957 0
2377.725 1183.632 20.3957 0
2372.595 1189.732 20.3957 0
2367.475 1195.942 20.3957 0
2362.295 1202.372 20.3957 0
2357.055 1209.022 20.3957 0
2351.935 1215.782 20.3957 0
2346.645 1222.822 20.3957 0
2341.485 1230.032 20.3823 0
2336.515 1237.672 20.3464 0
2331.625 1245.602 20.2951 0
2326.765 1253.862 20.2346 0
2322.005 1262.292 20.1723 0
2317.125 1270.822 20.1142 0
2312.205 1279.552 20.0668 0
2307.275 1288.232 20.038 0
2302.105 1296.992 20.0397 0
2292.435 1314.582 20.1901 0
2282.425 1332.221 20.5692 0
2272.035 1349.602 21.1884 0
2261.105 1366.882 22.0124 0
2255.355 1375.212 22.4689 0
2249.345 1383.582 22.956 0
2236.515 1399.622 23.9713 0
2222.665 1414.712 24.9906 0
2207.575 1428.562 25.954 0
2191.135 1441.172 26.817 0
2173.195 1452.392 27.6347 0
2154.135 1462.052 28.4064 0
2144.645 1466.152 28.7641 0
2122.685 1473.102 29.0993 0
2107.285 1477.772 29.435 0
2093.695 1481.692 29.6569 0
2072.405 1487.352 29.871 0
2048.985 1492.962 29.903 0
2031.305 1497.012 29.7743 0
2001.535 1503.122 29.6786 0
1989.095 1505.492 29.525 0
1977.115 1507.722 29.3978 0
1965.685 1509.652 29.2823 0
1954.575 1511.422 29.1544 0
1944.395 1512.982 29.0316 0
1933.385 1514.432 28.9034 0
1922.895 1515.762 28.796 0
1912.575 1517.152 28.715 0
1902.145 1518.452 28.6688 0
1891.705 1519.892 28.6669 0
1881.215 1521.202 28.7045 0
1870.805 1522.722 28.7684 0
1860.425 1523.992 28.8466 0
1850.105 1525.182 28.9257 0
1840.025 1526.162 28.993 0
1830.005 1526.902 29.0363 0
1818.865 1527.582 28.8092 0
1808.725 1528.092 28.828 0
1798.675 1528.322 28.8385 0
1790.585 1528.352 28.8388 0
1782.515 1528.152 28.8317 0
1774.385 1527.802 28.8151 0
1768.295 1527.362 28.7965 0
1760.265 1526.712 28.7607 0
1754.175 1526.132 28.7218 0
1746.175 1525.162 28.6596 0
1740.195 1524.282 28.6078 0
1736.155 1523.702 28.571 0
1714.255 1519.342 28.37 0
1708.475 1517.782 28.3256 0
1702.495 1516.022 28.2878 0
1696.715 1514.032 28.2582 0
1692.695 1512.552 28.2409 0
1686.935 1510.342 28.2199 0
1683.165 1508.692 28.2086 0
1677.565 1506.082 28.1952 0
1670.195 1502.132 28.1835 0
1664.935 1498.702 28.1789 0
1660.115 1495.272 28.4323 0
1654.335 1490.372 28.4333 0
1649.055 1484.922 28.4211 0
1643.995 1479.002 28.3908 0
1639.425 1472.572 28.36 0
1635.325 1465.882 28.3461 0
1631.685 1458.672 28.3661 0
1628.945 1451.132 28.4357 0
1626.855 1443.312 28.5741 0
1625.825 1434.732 28.7355 0
1625.575 1425.652 28.8837 0
1625.995 1416.292 29.0622 0
1627.045 1406.721 29.3185 0
1628.495 1397.502 29.6864 0
1630.325 1388.732 30.2196 0
1632.015 1382.761 30.7724 0
1634.295 1375.312 31.7104 0
1635.745 1369.672 32.6549 0
1637.235 1363.432 33.882 0
1638.165 1357.782 35.1479 0
1638.925 1352.532 36.4345 0
1639.465 1346.952 37.8847 0
1640.105 1332.352 41.9308 0
1640.105 1322.352 44.528 0
1640.015 1310.802 46.4347 0
1640.055 1176.312 46.5751 0
1640.015 1152.462 46.5751 0
1640.045 1142.852 46.5751 0
1639.995 1136.492 46.5751 0
1640.015 1120.602 46.5751 0
1640.015 1101.382 46.5751 0
1640.035 1087.002 46.5751 0
1640.035 1075.862 46.5751 0
1639.995 1062.842 46.7396 0
1639.965 1053.692 46.5743 0
1640.005 1039.152 45.8919 0
1640.015 1030.032 45.2166 0
1640.025 1020.942 44.3668 0
1640.015 1010.022 43.1287 0
1640.595 1002.192 42.182 0
1641.565 996.442 41.4678 0
1642.855 991.072 40.8133 0
1645.785 980.342 39.6163 0
1648.795 969.971 38.7022 0
1650.995 961.362 38.2281 0
1652.175 954.462 38.1024 0
1652.695 949.542 38.1849 0
1652.765 943.272 38.3762 0
1652.735 935.352 38.3762 0
1652.845 924.142 38.3762 0
1652.775 916.172 38.3762 0
1652.765 906.632 38.3762 0
1652.745 893.842 38.3762 1
1652.795 874.712 38.3762 0
1652.775 858.802 38.3762 0
1652.775 846.011 38.3762 0
1652.755 830.122 38.3762 0
1652.765 817.392 38.3762 0
1652.955 754.982 35.6325 0
1652.885 750.332 35.5946 0
1652.645 746.322 35.5613 0
1652.255 743.252 35.5409 0
1651.485 737.492 35.5017 0
1650.655 733.752 35.4869 0
1649.495 729.132 35.4689 0
1648.145 724.552 35.4691 0
1646.715 720.002 35.4708 0
1644.955 715.482 35.4984 0
1643.165 710.982 35.5336 0
1640.045 704.052 35.7118 0
1636.995 697.252 35.9799 0
1633.805 690.462 36.3356 0
1630.635 683.742 36.7946 0
1626.315 674.772 37.4369 0
1623.095 668.022 37.9188 0
1617.765 656.682 38.6893 0
1613.505 647.612 39.3565 0
1608.315 636.362 40.2672 0
1602.985 625.011 41.0557 0
1596.655 611.552 41.5135 0
1592.395 602.372 41.5203 0
1585.115 586.482 41.4427 0
1579.945 575.112 41.4342 0
1576.885 568.322 41.4429 0
1573.905 561.362 41.4639 0
1570.755 554.492 41.4898 0
1568.735 549.852 41.5101 0
1566.665 545.352 41.5325 0
1564.655 540.761 41.5553 0
1562.195 535.412 41.5561 0
1560.735 532.272 41.5286 0
1559.015 528.452 41.4895 0
1556.225 521.932 41.4194 0
1553.535 515.292 41.2522 0
1550.605 506.471 40.6321 0
1548.195 497.302 39.8452 0
1547.195 489.982 39.1321 0
1546.745 482.902 38.5622 0
1546.685 473.372 38.1765 0
1546.835 468.742 38.0569 0
1546.895 460.002 37.7086 0
1546.895 446.692 37.52 0
1546.885 428.221 37.4955 1
1546.885 418.282 37.4327 0
1546.905 410.422 37.3771 0
1546.895 386.052 37.2336 0
1546.905 380.902 37.286 0
1546.885 377.842 37.2206 0
1546.895 376.492 37.2968 0
1546.745 375.162 37.2692 0
1546.345 373.052 37.2077 0
1545.725 370.612 37.1425 0
1544.885 368.152 37.0251 0
1544.005 365.732 37.0121 0
1543.035 363.312 36.9345 0
1541.905 361.032 36.893 0
1540.575 358.812 36.8546 0
1539.085 356.642 36.8183 0
1535.815 352.662 36.7565 0
1533.695 350.372 36.7231 0
1531.725 348.252 36.6918 0
1529.715 346.102 36.6603 0
1527.715 343.842 36.6266 0
1525.675 341.742 36.5961 0
1523.565 339.582 36.5646 0
1520.175 335.282 36.4931 0
1517.325 330.742 36.4037 0
1515.065 325.822 36.2934 0
1513.345 320.761 36.1686 0
1512.345 315.422 36.0253 0
1511.965 309.952 35.8671 0
1511.895 292.292 35.3376 0
1511.835 274.542 34.8053 0
1511.775 256.902 34.2765 0
1511.755 239.122 33.7433 0
1511.785 221.511 33.2152 0
1511.685 203.772 32.6835 0
1511.285 191.592 32.024 0
1510.915 179.492 31.4346 0
1510.745 167.372 30.7491 0
1510.255 155.192 29.9952 0
1510.185 143.022 29.2125 0
1510.715 130.822 28.4307 0
1512.065 118.742 27.69 0
1513.935 106.952 27.0404 0
1515.905 95.102 26.4918 0
1517.795 83.332 26.085 0
1518.685 71.252 25.8455 0
1518.635 59.042 25.8162 0
1518.255 52.382 25.8729 0
1517.085 45.982 25.9439 0
1515.075 39.662 26.0282 0
1512.285 33.732 26.119 0
1508.715 28.122 26.2169 0
1504.225 22.892 26.3182 0
1496.955 15.882 26.4859 0
1489.165 8.902 26.6998 0
1481.275 1.8220000000001 26.9427 0
1473.595 -5.0880000000002 27.1964 0
1466.645 -11.989 27.4371 0
1460.335 -18.718 27.6583 0
1454.235 -25.548 27.8507 0
1447.955 -32.188 28.0164 0
1441.875 -39.029 28.1304 0
1435.585 -45.688 28.1981 0
1429.375 -52.489 28.1998 0
1423.145 -59.178 28.1768 0
1418.385 -63.748 28.2723 0
1413.065 -67.398 28.5516 0
1407.305 -70.628 28.9263 0
1401.165 -72.868 29.3057 0
1394.705 -74.168 29.5997 0
1388.665 -74.608 29.7076 0
1381.105 -74.658 29.7168 0
1364.715 -74.668 29.7168 0
1353.545 -74.648 29.7168 0
1333.475 -74.608 29.7168 0
1320.415 -74.628 29.7168 0
1305.665 -74.638 29.7168 0
1289.065 -74.658 29.7168 0
1270.535 -74.628 29.7168 1
1261.425 -74.648 29.7168 0
1238.995 -74.708 29.717 0
1226.435 -74.678 29.717 0
1211.685 -74.698 29.717 0
1200.065 -74.698 29.717 0
1196.035 -74.168 29.717 0
1191.775 -72.978 29.6907 0
1186.955 -71.158 29.6511 0
1182.055 -68.468 29.5522 0
1177.225 -65.378 29.3721 0
1172.595 -61.618 29.0813 0
1168.145 -57.248 28.6494 0
1163.895 -52.158 28.0354 0
1161.315 -48.308 27.5464 0
1159.405 -43.978 27.0051 0
1157.855 -39.218 26.4373 0
1156.675 -34.408 25.918 0
1156.085 -29.208 25.448 0
1155.535 -23.808 25.071 0
1155.305 -18.108 24.822 0
1155.265 -12.368 24.7446 0
1155.435 -2.9780000000001 24.8003 0
1155.275 6.192 24.8835 0
1155.315 15.482 24.9917 0
1155.375 24.792 25.1196 0
1155.295 34.122 25.2612 0
1155.335 43.462 25.4111 0
1155.175 52.672 25.5615 0
1155.295 63.352 25.7312 0
