1248
1198.015 420.312 31.624 0
1194.615 414.612 31.9493 0
1193.235 413.112 32.15 0
1191.805 411.862 32.3307 0
1188.815 409.622 32.7167 0
1185.995 407.792 33.058 0
1182.545 405.692 33.453 0
1180.235 404.492 33.6942 0
1177.135 402.902 33.993 0
1173.425 401.142 34.3177 0
1169.855 399.492 34.5675 0
1166.585 397.942 34.7594 0
1163.035 396.282 34.9266 0
1159.666 394.582 35.027 0
1156.065 392.602 35.0939 0
1152.655 390.662 35.1205 0
1149.505 388.642 35.1178 0
1146.305 386.532 35.0914 0
1143.285 384.221 35.046 0
1140.565 382.052 34.9928 0
1137.825 379.572 34.9276 0
1134.685 376.632 34.8495 0
1132.205 374.002 34.7875 0
1129.725 371.372 34.7323 0
1127.985 369.402 34.6959 0
1123.565 361.272 34.4572 0
1122.175 352.192 34.0309 0
1122.895 340.632 33.3805 0
1125.215 330.221 32.7399 0
1125.595 328.362 32.6256 0
1126.666 324.732 32.3976 0
1128.755 317.612 31.9491 0
1129.905 314.132 31.7328 0
1131.675 308.842 31.4069 0
1135.275 298.172 30.7701 0
1138.225 289.412 30.2755 0
1141.385 278.832 29.7386 0
1142.695 273.082 29.5067 0
1144.105 267.202 29.2725 0
1145.045 257.642 29.0444 0
1145.075 256.032 29.0132 0
1145.105 241.102 28.8064 0
1145.095 223.612 28.5559 0
1145.215 200.932 28.1758 0
1145.215 187.752 27.9182 0
1145.175 167.362 27.4319 0
1145.155 141.402 26.6807 0
1145.095 126.392 26.375 0
1145.105 98.522 26.1719 0
1145.125 81.832 25.9919 0
1145.145 58.702 25.6289 0
1145.095 33.442 25.1702 0
1145.125 20.721 24.95 0
1145.035 5.721 24.731 0
1145.105 -7.9180000000001 24.5798 0
1145.135 -26.978 24.4946 0
1145.175 -28.388 24.5122 0
1145.445 -32.288 24.561 0
1146.525 -39.348 24.483 0
1148.045 -44.958 24.1749 0
1149.995 -50.548 23.8182 0
1152.865 -55.618 23.4645 0
1156.475 -60.388 23.1371 0
1160.255 -63.898 22.9198 0
1164.695 -67.078 22.7621 0
1169.855 -69.668 22.6588 0
1175.685 -71.798 22.5983 0
1182.315 -73.348 22.5714 0
1189.735 -74.428 22.569 0
1198.195 -75.078 22.5824 0
1207.625 -75.138 22.6019 0
1215.595 -74.758 22.6022 0
1223.785 -74.668 22.6022 0
1234.465 -74.618 22.6022 0
1242.535 -74.638 22.6022 0
1288.985 -74.628 22.6022 1
1298.395 -74.588 22.6022 0
1319.825 -74.608 22.6022 0
1341.495 -74.598 22.6022 0
1380.975 -74.548 22.6022 0
1396.435 -74.568 22.6021 0
1404.025 -74.598 22.6021 0
1409.045 -74.239 22.5876 0
1413.905 -73.198 22.5632 0
1418.595 -71.558 22.5552 0
1423.005 -69.228 22.5913 0
1427.075 -66.328 22.6995 0
1430.825 -62.818 22.9097 0
1437.305 -55.838 23.3403 0
1443.745 -48.958 23.6575 0
1450.295 -41.868 23.8918 0
1456.865 -34.928 24.0576 0
1463.305 -27.828 24.1777 0
1469.875 -20.758 24.2764 0
1476.665 -13.688 24.3743 0
1484.405 -6.4580000000001 24.4949 0
1492.605 0.85199999999986 24.6599 0
1500.935 8.1120000000001 24.8926 0
1508.825 15.412 25.2134 0
1516.005 22.532 25.4868 0
1519.105 26.462 25.6604 0
1521.885 30.772 25.9106 0
1524.135 35.282 26.1655 0
1525.855 40.032 26.3638 0
1526.835 45.042 26.4331 0
1527.345 50.122 26.3359 0
1527.705 62.872 26.0964 0
1527.885 75.912 26.2925 0
1526.565 88.602 26.8879 0
1524.685 101.172 27.9185 0
1522.795 113.652 29.0154 0
1520.845 126.382 29.856 0
1519.865 139.202 30.427 0
1519.845 152.152 31.0215 0
1520.045 165.032 31.5942 0
1520.295 177.982 32.1155 0
1520.495 190.842 32.5532 0
1520.545 203.702 32.8994 0
1520.635 221.392 33.1986 0
1520.765 239.062 33.7423 0
1520.765 256.862 34.276 0
1520.795 274.482 34.8044 0
1520.865 292.272 35.3376 0
1520.875 309.952 35.8678 0
1521.235 314.252 35.9921 0
1522.035 318.442 36.1044 0
1523.435 322.492 36.2043 0
1525.125 326.452 36.2934 0
1527.465 330.052 36.3639 0
1530.205 333.492 36.4213 0
1532.165 335.602 36.4523 0
1534.245 337.812 36.485 0
1536.285 339.922 36.5155 0
1538.365 342.162 36.5485 0
1540.305 344.312 36.5805 0
1542.365 346.492 36.6122 0
1546.405 351.382 36.6881 0
1548.195 353.952 36.7338 0
1549.745 356.692 36.7782 0
1551.245 359.522 36.831 0
1552.545 362.422 36.8832 0
1553.725 365.322 36.9396 0
1554.605 368.252 36.996 0
1555.295 371.292 37.0871 0
1555.605 372.892 37.154 0
1555.795 374.482 37.2121 0
1555.875 376.162 37.2714 0
1555.875 377.792 37.2483 0
1555.905 380.092 37.2078 0
1555.815 386.122 37.2502 0
1555.815 396.452 37.2899 0
1555.825 406.852 37.3565 0
1555.855 416.782 37.3698 1
1555.885 431.522 37.4468 0
1555.865 452.032 37.5394 0
1555.815 465.572 37.8837 0
1555.915 473.162 38.1745 0
1556.405 483.642 38.6784 0
1556.815 489.082 39.1318 0
1557.695 495.422 39.8437 0
1559.835 503.522 40.624 0
1562.645 511.971 41.2507 0
1565.055 518.142 41.4187 0
1567.835 524.432 41.4895 0
1569.605 528.252 41.5286 0
1572.425 534.522 41.576 0
1576.495 543.672 41.5242 0
1580.575 552.822 41.481 0
1583.665 559.642 41.4559 0
1587.735 568.761 41.4373 0
1590.745 575.632 41.4285 0
1593.865 582.471 41.4425 0
1598.045 591.482 41.4705 0
1603.315 602.782 41.5535 0
1607.545 611.842 41.4471 0
1611.675 620.962 41.0548 0
1618.055 634.442 40.1016 0
1620.205 639.042 39.7244 0
1624.335 648.212 39.005 0
1629.715 659.462 38.2166 0
1635.055 670.552 37.4418 0
1640.395 681.872 36.642 0
1644.735 690.922 36.0968 0
1648.855 700.112 35.7086 0
1651.955 706.982 35.5336 0
1653.795 711.712 35.4943 0
1655.805 716.712 35.4645 0
1657.315 721.552 35.4623 0
1658.705 726.252 35.4608 0
1660.075 731.772 35.4812 0
1660.945 735.761 35.4964 0
1662.305 745.412 35.5586 0
1662.655 755.112 35.6342 0
1662.345 817.392 38.3762 0
1662.325 838.072 38.3762 0
1662.275 855.652 38.3762 0
1662.395 874.761 38.3762 0
1662.315 892.322 38.3762 1
1662.365 908.182 38.3762 0
1662.385 935.342 38.3762 0
1662.325 944.872 38.3762 0
1662.375 948.072 38.3194 0
1662.195 951.042 38.212 0
1661.675 955.832 38.1566 0
1661.065 959.642 38.1964 0
1659.905 965.282 38.3521 0
1658.975 968.962 38.5396 0
1657.995 972.532 38.7633 0
1656.495 977.852 39.1803 0
1654.975 983.062 39.6756 0
1653.955 986.542 40.0533 0
1652.555 991.632 40.6546 0
1651.345 996.752 41.3096 0
1650.395 1001.822 42.0006 0
1649.965 1005.182 42.4744 0
1649.635 1010.032 43.1727 0
1649.695 1017.272 44.0262 0
1649.695 1026.422 44.9486 0
1649.635 1033.652 45.5567 0
1649.625 1042.792 46.1595 0
1649.645 1050.032 46.5001 0
1649.605 1062.892 46.7874 0
1649.635 1074.412 46.6921 0
1649.715 1084.022 46.6921 0
1649.685 1093.462 46.6921 0
1649.635 1107.792 46.6921 0
1649.575 1118.971 46.6921 0
1649.655 1133.342 46.6921 0
1649.665 1149.272 46.6921 0
1649.615 1157.242 46.6921 0
1649.605 1166.792 46.6921 0
1649.605 1176.402 46.6918 0
1649.655 1308.362 46.6701 0
1649.565 1317.522 45.505 0
1649.775 1327.062 43.3573 0
1649.745 1332.132 42.0194 0
1649.675 1337.342 40.6076 0
1649.415 1342.632 39.2021 0
1649.045 1347.872 37.8632 0
1648.445 1353.742 36.4208 0
1647.655 1359.422 35.1127 0
1646.605 1365.282 33.8803 0
1645.275 1371.221 32.769 0
1643.715 1377.542 31.7597 0
1641.755 1383.732 30.934 0
1639.695 1391.172 30.2113 0
1637.895 1399.342 29.6857 0
1636.445 1407.992 29.3202 0
1635.495 1416.962 29.0644 0
1635.135 1425.772 28.8832 0
1635.405 1433.932 28.7357 0
1636.295 1441.372 28.5768 0
1638.015 1448.162 28.4389 0
1640.595 1455.032 28.3659 0
1643.795 1461.362 28.3466 0
1647.425 1467.261 28.3603 0
1651.685 1473.072 28.3913 0
1656.155 1478.382 28.4213 0
1660.985 1483.422 28.4333 0
1666.095 1487.732 28.4328 0
1671.655 1491.721 28.4352 0
1677.645 1495.342 28.4427 0
1684.165 1498.632 28.4562 0
1691.035 1501.592 28.4767 0
1698.225 1504.412 28.5057 0
1705.605 1506.982 28.5438 0
1713.515 1509.272 28.5995 0
1721.845 1511.302 28.6734 0
1730.315 1513.062 28.755 0
1739.575 1514.602 28.8443 0
1748.835 1515.832 28.9271 0
1757.935 1516.812 28.9957 0
1766.925 1517.652 29.044 0
1775.645 1518.342 29.0726 0
1784.575 1518.612 28.8341 0
1792.735 1518.692 28.8393 0
1802.035 1518.632 29.0912 0
1810.935 1518.372 29.0792 0
1820.205 1517.932 29.0602 0
1829.535 1517.292 29.0363 0
1839.295 1516.632 28.9923 0
1849.155 1515.612 28.9252 0
1859.305 1514.442 28.8461 0
1869.565 1513.142 28.7684 0
1879.975 1511.752 28.7045 0
1890.365 1510.372 28.6674 0
1900.975 1508.882 28.6693 0
1911.385 1507.532 28.7157 0
1921.675 1506.262 28.7963 0
1932.045 1504.952 28.9027 0
1942.585 1503.542 29.0262 0
1953.245 1501.902 29.1561 0
1964.255 1500.182 29.2838 0
1975.585 1498.152 29.3998 0
1987.505 1496.062 29.5275 0
2012.475 1491.082 29.841 0
2038.225 1485.632 30.1068 0
2061.045 1480.282 30.1657 0
2079.655 1475.532 29.7929 0
2087.375 1473.422 29.7065 0
2098.895 1470.242 29.5375 0
2110.325 1466.842 29.32 0
2125.565 1462.242 28.9499 0
2141.625 1456.922 28.7963 0
2150.765 1452.982 28.4337 0
2160.015 1448.452 28.0541 0
2168.995 1443.721 27.6647 0
2177.655 1438.532 27.2584 0
2194.025 1427.192 26.4284 0
2209.335 1414.471 25.5136 0
2223.375 1400.562 24.5131 0
2236.065 1385.562 23.4882 0
2242.095 1377.632 22.9813 0
2247.955 1369.492 22.4906 0
2253.555 1361.322 22.028 0
2264.245 1344.471 21.2062 0
2274.325 1327.342 20.5807 0
2284.235 1309.892 20.2003 0
2293.995 1292.102 20.0438 0
2303.845 1274.742 20.0671 0
2308.755 1266.132 20.114 0
2313.615 1257.442 20.1723 0
2323.405 1240.662 20.2951 0
2328.545 1232.532 20.3467 0
2333.585 1224.542 20.3823 0
2344.245 1209.992 20.3957 0
2354.795 1196.412 20.3957 0
2365.255 1183.422 20.3957 0
2375.745 1171.172 20.3957 0
2386.705 1159.442 20.3957 0
2398.115 1148.182 20.3957 0
2410.295 1137.082 20.3957 0
2416.845 1131.692 20.3957 0
2423.845 1126.602 20.3957 0
2438.815 1116.772 20.3957 0
2453.965 1107.672 20.3957 0
2461.645 1103.162 20.3957 0
2469.045 1098.832 20.3957 0
2476.055 1094.502 20.3957 0
2482.765 1090.261 20.3957 0
2488.905 1085.992 20.3957 0
2494.445 1081.761 20.3957 0
2499.275 1077.522 20.3957 0
2503.635 1073.242 20.3957 0
2507.665 1068.942 20.3957 0
2511.425 1064.752 20.3957 0
2514.915 1060.482 20.3957 0
2517.945 1056.292 20.3957 0
2520.715 1052.082 20.3957 0
2523.125 1048.022 20.3957 0
2525.155 1044.002 20.3957 0
2527.005 1039.942 20.396 0
2528.465 1035.992 20.3957 0
2529.525 1032.112 20.3957 0
2530.005 1028.122 20.3947 0
2530.335 1024.392 20.1337 0
2530.255 1015.492 19.9576 0
2530.225 1006.342 19.7166 0
2530.155 978.592 19.6939 0
2530.085 960.172 19.7031 0
2530.065 948.402 19.7166 1
2530.075 932.552 19.7172 0
2530.045 923.292 19.6905 0
2530.375 914.032 19.7166 0
2530.725 904.862 19.9513 0
2531.345 897.482 20.1339 0
2531.915 890.011 20.3959 0
2532.015 882.932 20.3959 0
2531.935 868.842 20.3959 0
2531.585 855.332 20.3959 0
2530.565 843.132 20.3959 0
2529.865 837.452 20.3959 0
2528.915 832.252 20.3959 0
2527.775 827.372 20.3959 0
2526.445 823.072 20.3959 0
2524.765 819.292 20.3959 0
2522.705 815.952 20.3959 0
2517.595 810.182 20.3959 0
2511.425 805.532 20.3959 0
2504.425 802.072 20.3959 0
2497.095 799.702 20.4259 0
2489.895 798.322 20.6354 0
2486.515 797.982 20.7486 0
2483.225 797.892 20.8331 0
2479.965 798.072 20.8668 0
2473.225 799.212 20.867 0
2466.285 801.492 20.867 0
2459.115 804.922 20.867 0
2451.655 809.562 20.8673 0
2444.075 815.312 20.867 0
2436.935 821.822 20.971 0
2430.155 828.522 21.3373 0
2423.405 835.202 21.93 0
2416.805 841.952 22.5392 0
2409.995 848.682 23.1563 0
2403.305 855.322 23.7647 0
2396.455 862.182 24.3832 0
2390.935 867.172 24.714 0
2384.585 871.582 25.1036 0
2377.785 875.082 25.5328 0
2370.555 878.042 26.0086 0
2362.905 880.402 26.5243 0
2354.935 882.122 27.0709 0
2346.705 883.482 27.6473 0
2338.175 884.382 28.2521 0
2329.455 885.042 28.879 0
2320.575 885.442 29.5228 0
2311.575 885.622 30.1805 0
2302.515 885.702 30.8458 0
2287.325 885.792 31.7001 0
2275.095 885.792 32.0704 0
2256.745 885.732 32.6266 0
2219.945 885.702 33.7411 0
2170.985 885.702 35.2245 0
2140.415 885.652 36.1507 0
2113.025 885.902 36.2714 0
2101.875 885.872 36.2714 0
2082.775 885.932 36.2714 0
2058.855 885.942 36.2714 0
2035.205 885.882 36.2714 0
2012.835 885.832 36.2714 0
1998.515 885.862 36.2714 0
1973.065 885.862 36.2714 0
1955.445 885.832 36.2712 0
1939.515 885.892 36.2712 0
1914.605 885.822 36.2712 0
1905.025 885.832 36.2712 0
1892.275 885.862 36.2712 1
1873.125 885.932 36.2712 0
1853.985 885.902 36.2712 0
1842.865 885.822 36.2712 0
1830.075 885.842 36.2712 0
1801.405 885.852 36.2712 0
1790.185 885.852 36.2712 0
1772.895 885.872 35.0411 0
1756.365 885.872 32.6917 0
1747.975 885.852 32.1546 0
1727.865 885.962 31.4385 0
1715.895 885.872 31.2951 0
1703.145 885.892 31.2951 0
1685.615 885.872 31.2951 0
1669.715 885.912 31.2951 0
1642.575 885.971 31.2951 1
1626.705 885.912 31.2951 0
1609.125 885.872 31.2951 0
1597.925 885.902 31.2951 0
1583.475 885.782 31.2438 0
1569.135 885.892 31.2438 0
1562.795 885.942 31.2438 0
1546.845 885.912 31.2438 0
1540.455 885.912 31.2438 0
1535.695 885.882 31.2438 0
1521.375 885.922 31.2438 0
1500.625 885.882 31.2438 0
1489.505 885.922 31.2438 0
1478.295 885.902 31.2438 0
1454.415 885.882 31.2304 0
1448.845 885.912 31.4793 0
1443.155 885.892 31.8513 0
1435.695 885.742 32.5757 0
1430.065 885.572 33.2617 0
1424.405 885.232 34.051 0
1414.955 884.242 35.2229 0
1411.095 883.712 35.6382 0
1407.285 883.022 36.023 0
1403.495 882.182 36.3816 0
1399.615 881.142 36.7329 0
1397.745 880.622 36.8972 0
1392.245 878.492 37.3892 0
1390.545 877.752 37.4706 0
1383.475 874.692 38.1091 0
1378.265 872.062 38.4778 0
1373.195 869.072 38.835 0
1369.925 867.032 39.0757 0
1363.605 862.752 39.5803 0
1359.065 859.332 39.8799 0
1354.615 855.942 40.1221 0
1348.625 851.412 40.3083 0
1344.225 848.032 40.52 0
1341.305 845.842 40.5982 0
1336.155 842.242 40.6841 0
1331.075 838.992 40.7178 0
1326.315 836.612 40.7174 0
1322.335 834.682 40.7121 0
1317.405 832.442 40.7335 0
1310.575 829.582 40.723 0
1305.965 827.742 40.6969 0
1303.775 826.842 40.6842 0
1299.125 825.132 40.6063 0
1294.505 823.452 40.5241 0
1287.705 821.202 40.3239 0
1280.885 819.032 40.0751 0
1275.885 817.572 39.8786 0
1268.705 815.542 39.5756 0
1259.135 812.872 39.1813 0
1251.925 811.011 38.8827 0
1247.125 809.742 38.6767 0
1239.885 807.912 38.3261 0
1232.645 806.122 37.9022 0
1220.405 803.022 37.2001 0
1213.135 801.022 36.8822 0
1208.295 799.622 36.7038 0
1198.615 796.752 36.4286 0
1191.465 794.432 36.2677 0
1184.345 791.922 36.1701 0
1179.515 790.162 36.1022 0
1176.005 788.662 36.0521 0
1170.345 785.652 35.9909 0
1164.045 781.982 35.9942 0
1162.065 780.782 36.0079 0
1156.265 778.032 35.9798 0
1150.485 775.572 35.7611 0
1138.575 771.212 35.7186 0
1132.395 769.511 35.5157 0
1126.095 768.132 35.3092 0
1119.905 767.412 35.18 0
1111.235 767.242 34.9422 0
1100.975 767.532 34.493 0
1093.385 767.882 34.1205 0
1088.625 768.112 33.8866 0
1080.125 768.221 33.8131 0
1076.105 768.172 33.8001 0
1070.105 768.182 33.7999 0
1062.205 768.162 33.8233 0
1054.845 768.132 33.8585 0
1043.765 768.102 33.858 0
1035.895 768.122 33.8936 0
1027.445 768.072 33.9422 0
1018.265 768.062 34.0074 0
1006.945 768.052 34.0975 0
999.055 768.122 34.1519 0
985.666 768.192 34.2632 0
975.085 768.132 34.3643 0
959.255 768.102 34.605 0
951.375 768.062 34.6756 0
940.855 768.052 34.8104 0
930.335 768.112 34.941 0
914.545 768.112 35.0765 0
877.695 768.072 35.8682 0
864.515 768.192 36.1631 0
854.015 768.062 36.3633 0
835.565 768.192 36.6558 0
827.655 768.122 36.8448 0
806.595 768.152 37.0772 0
798.725 768.152 37.1207 0
780.335 768.112 37.2525 0
775.025 768.142 37.293 0
759.255 768.092 37.4273 0
748.666 768.192 37.5225 0
741.095 768.192 37.586 0
738.475 768.162 37.6089 0
726.315 768.212 37.7379 0
716.285 768.162 37.8394 0
704.795 768.132 37.9571 0
692.445 768.132 38.0538 0
679.725 768.162 38.1568 0
666.785 768.261 38.2276 0
653.935 768.261 38.2745 0
641.645 768.221 38.2896 0
631.655 768.172 38.2701 0
620.225 768.212 38.2139 0
607.916 768.142 38.0816 0
582.155 767.872 37.7549 0
575.805 767.761 37.5655 0
569.975 767.752 37.3912 0
564.715 767.682 37.1993 0
557.055 767.511 36.9131 0
554.205 767.532 36.7769 0
548.945 767.502 36.5259 0
541.095 767.492 36.1498 0
535.835 767.492 35.8979 0
527.916 767.482 35.4321 0
522.666 767.522 35.1166 0
510.425 767.692 34.2773 0
497.505 767.702 33.2021 0
491.155 767.752 32.5937 0
480.735 767.712 31.5483 0
470.275 767.782 30.4062 0
457.245 767.712 28.8441 0
450.625 767.702 28.0126 0
443.595 767.712 27.1278 0
436.765 767.792 26.2694 0
411.125 767.812 22.7162 0
390.195 767.792 19.6093 0
373.555 767.862 16.9911 0
358.295 767.832 14.6464 0
345.635 767.782 12.6986 0
329.895 768.032 10.4188 0
322.045 768.072 9.22933 4
314.185 768.052 7.96078 4
306.305 768.052 6.59164 4
298.255 768.002 5.0359 4
290.965 768.082 3.54859 4
284.925 768.462 2.24195 4
278.675 769.462 0.967537 4
272.265 771.082 -0.277092 4
265.805 773.352 -1.52488 4
253.455 779.902 -3.29636 4
247.515 784.302 -3.75095 4
234.055 798.302 -4.00227 4
230.195 804.752 -4.00227 4
227.385 809.142 -4.00227 4
224.525 816.261 -4.00227 4
220.745 823.372 -4.00227 4
220.815 829.962 -4.00227 4
220.845 837.272 -4.00227 4
221.045 845.372 -4.00227 4
223.955 860.602 -3.90336 4
226.015 866.532 -3.90336 4
227.675 870.362 -3.90336 4
229.625 874.032 -3.90336 4
231.675 877.632 -3.90336 4
235.185 882.882 -3.90336 4
239.155 887.742 -3.90336 4
242.195 890.612 -3.90336 4
246.745 895.002 -3.90336 4
251.615 898.872 -3.90336 4
257.065 902.202 -3.90336 4
267.185 908.072 -3.90336 4
277.495 913.902 -3.90336 4
284.205 917.832 -3.90336 4
287.675 919.982 -3.99543 4
290.935 922.112 -4.14045 4
294.175 924.322 -4.35139 4
297.295 926.642 -4.66536 4
300.525 929.032 -4.97737 4
304.255 931.592 -5.19709 4
308.285 934.272 -5.35432 4
312.385 936.862 -5.44563 4
321.625 943.052 -5.44639 4
326.745 947.422 -5.44639 4
332.705 953.932 -5.44639 4
338.055 961.132 -5.44639 4
342.395 968.752 -5.44639 4
345.265 974.672 -5.44639 4
347.305 981.172 -5.44639 4
348.895 987.761 -5.44639 4
349.285 992.712 -5.44639 4
349.285 1008.422 -5.44639 4
349.115 1054.162 -5.446 5
349.135 1071.612 -5.446 4
349.205 1086.992 -5.44639 4
349.075 1093.672 -5.44639 4
348.065 1100.312 -5.44639 4
347.145 1104.642 -5.44639 4
343.485 1118.102 -5.44639 4
339.275 1133.232 -5.44639 4
337.355 1141.162 -5.44639 4
336.315 1149.392 -5.44639 4
335.975 1155.761 -5.44562 4
336.175 1163.202 -5.09845 4
337.265 1174.872 -4.10041 4
337.265 1182.752 -4.02939 4
337.305 1234.022 -4.02939 4
337.345 1300.802 -4.02939 4
337.245 1336.042 -4.02939 4
337.775 1344.412 -4.02939 4
339.195 1352.572 -4.02939 4
341.975 1362.272 -4.02939 4
347.925 1384.982 -4.02939 4
349.385 1391.502 -4.02939 4
350.255 1398.062 -4.02939 4
350.495 1418.392 -4.029 4
350.475 1436.221 -4.029 5
350.435 1452.782 -4.029 4
350.465 1475.592 -4.02939 4
350.525 1526.732 -4.02939 4
350.475 1554.042 -4.02939 4
350.535 1564.312 -4.02939 4
350.065 1570.892 -4.02939 4
349.465 1575.412 -4.02939 4
345.895 1589.412 -4.02939 4
338.725 1616.092 -4.02939 4
332.575 1638.672 -4.02939 4
330.025 1647.012 -4.02939 4
327.935 1651.112 -4.02939 4
325.175 1655.202 -4.02939 4
322.215 1658.762 -4.02939 4
318.715 1661.782 -4.02939 4
314.565 1664.482 -4.02939 4
307.925 1668.382 -4.02939 4
294.225 1676.292 -4.02939 4
285.705 1681.132 -4.02939 4
278.885 1685.952 -4.02939 4
273.965 1690.012 -4.02939 4
268.375 1696.272 -4.02939 4
263.275 1702.732 -4.02939 4
259.015 1710.302 -4.02939 4
255.705 1718.132 -4.02939 4
253.885 1724.012 -4.02939 4
250.945 1731.782 -4.30192 4
247.775 1738.882 -4.66276 4
244.085 1745.772 -5.14225 4
241.105 1752.842 -5.42301 4
238.605 1760.582 -5.52116 4
237.765 1764.422 -5.52152 4
231.666 1787.112 -5.52152 4
225.405 1810.092 -4.48246 4
220.355 1828.822 -2.04056 4
216.225 1844.092 -0.788611 4
213.475 1853.762 -0.578161 4
211.416 1860.112 -0.578161 4
208.755 1866.292 -0.578161 4
204.075 1873.892 -0.578161 4
200.245 1879.312 -0.578161 4
194.395 1885.852 -0.578161 4
187.865 1891.632 -0.578161 4
182.425 1895.842 -0.578161 4
176.775 1899.162 -0.578161 4
170.625 1902.132 -0.578161 4
164.485 1904.362 -0.578161 4
157.995 1906.102 -0.578161 4
150.475 1907.032 -0.541992 4
115.965 1907.052 -0.541992 5
88.145 1906.882 -0.536987 4
78.295 1906.852 -0.867203 4
62.505 1906.962 -2.20236 4
29.335 1906.912 -6.87331 4
13.715 1906.892 -9.06915 4
1.9750000000004 1906.822 -10.7191 4
-21.445 1906.962 -13.5833 4
-29.275 1907.012 -14.0624 4
-37.245 1907.012 -14.275 4
-41.165 1906.862 -14.275 4
-45.175 1906.462 -14.275 4
-49.385 1905.852 -14.275 4
-53.405 1904.952 -14.275 4
-57.385 1903.602 -14.275 4
-61.235 1902.462 -14.275 4
-65.005 1901.762 -14.275 4
-68.855 1901.302 -14.275 4
-72.365 1901.032 -14.275 4
-75.735 1900.982 -14.2692 4
-79.735 1901.002 -14.269 4
-91.445 1901.082 -14.269 4
-103.275 1900.972 -14.269 4
-111.715 1900.832 -14.269 4
-118.315 1900.082 -14.269 4
-124.765 1898.772 -14.269 4
-138.245 1895.202 -14.269 4
-149.895 1892.212 -14.269 4
-165.065 1888.182 -14.269 4
-180.185 1884.002 -14.269 4
-191.805 1880.642 -14.269 4
-197.255 1878.812 -14.269 4
-202.275 1876.532 -14.269 4
-209.455 1872.302 -14.269 4
-226.565 1862.652 -14.269 4
-237.075 1856.542 -14.269 4
-242.735 1852.492 -14.269 4
-247.755 1848.122 -14.269 4
-252.225 1843.362 -14.269 4
-256.405 1838.152 -14.269 4
-259.175 1834.552 -14.269 4
-261.295 1830.822 -14.269 4
-263.415 1826.382 -14.269 4
-265.985 1818.272 -14.2692 4
-270.055 1803.012 -14.194 4
-273.415 1790.102 -14.194 5
-277.195 1776.412 -14.194 4
-281.305 1761.132 -14.2661 4
-284.255 1749.732 -13.8467 4
-291.425 1723.302 -10.6972 4
-296.445 1704.532 -7.96674 4
-299.315 1693.232 -6.39878 4
-304.435 1674.212 -5.01938 4
-307.645 1662.892 -4.94907 4
-310.765 1651.432 -4.94907 4
-313.725 1639.992 -4.94907 4
-315.105 1633.542 -4.94907 4
-315.885 1627.022 -4.94907 4
-316.235 1622.612 -4.94907 4
-316.365 1612.312 -4.94907 4
-316.105 1597.002 -4.94907 4
-316.195 1580.792 -4.94907 4
-316.195 1569.282 -4.94907 4
-316.295 1557.452 -4.94907 4
-316.535 1545.642 -4.94902 4
-316.985 1537.852 -4.94854 4
-317.225 1527.952 -4.95195 4
-317.225 1523.022 -4.95488 4
-317.065 1515.132 -4.95475 4
-317.215 1499.402 -4.95475 4
-317.235 1489.312 -4.95475 4
-316.895 1484.832 -4.95475 4
-316.025 1478.232 -4.95475 4
-314.545 1471.772 -4.95475 4
-311.535 1460.362 -4.95475 4
-308.475 1448.872 -4.95475 4
-303.485 1430.022 -4.955 4
-297.845 1408.582 -4.955 5
-290.345 1380.662 -4.95496 4
-286.195 1365.482 -4.95475 4
-283.975 1357.892 -4.95475 4
-282.055 1350.212 -4.95475 4
-280.665 1344.182 -4.95475 4
-279.825 1337.992 -4.95475 4
-279.535 1333.742 -4.95475 4
-279.535 1327.602 -5.02994 4
-279.665 1311.872 -5.99772 4
-279.475 1300.102 -7.4484 4
-279.635 1284.452 -9.21451 4
-279.615 1268.761 -9.89814 4
-279.685 1264.822 -9.89814 4
-279.765 1256.962 -9.89863 4
-280.025 1249.292 -9.89863 4
-280.334 1236.242 -9.89619 4
-280.435 1214.782 -9.89243 4
-280.425 1202.942 -9.89243 4
-280.355 1195.072 -9.89243 4
-280.175 1190.542 -9.89243 4
-279.435 1183.952 -9.89243 4
-278.735 1179.702 -9.89243 4
-277.685 1175.282 -9.89243 4
-275.685 1169.072 -9.89243 4
-274.015 1164.862 -9.89243 4
-272.205 1160.692 -9.89243 4
-270.165 1156.872 -9.89243 4
-266.115 1150.052 -9.89243 4
-262.315 1143.362 -9.89243 4
-258.395 1136.482 -9.89243 4
-252.415 1126.032 -9.89243 4
-249.845 1120.242 -9.89243 4
-247.655 1114.252 -9.89243 4
-246.245 1108.142 -9.89243 4
-245.215 1102.232 -9.89243 4
-244.695 1095.862 -9.89243 4
-244.675 1089.792 -9.89243 4
-244.675 1066.052 -9.89243 4
-244.765 1034.782 -9.89243 4
-244.834 1009.302 -9.891 4
-244.705 1001.162 -9.891 5
-244.805 967.872 -9.89097 4
-244.895 956.092 -9.47641 4
-244.805 924.761 -5.77796 4
-244.805 897.532 -2.02213 4
-244.735 873.872 -0.572312 4
-244.735 865.932 -0.572312 4
-244.785 850.332 -0.572312 4
-244.745 842.452 -0.572312 4
-244.815 834.882 -0.536337 0
-244.805 814.902 -0.572312 0
-244.785 807.082 -0.572312 4
-244.755 799.212 -0.572312 4
-244.725 791.422 -0.572312 4
-244.755 783.542 -0.572312 4
-244.755 775.572 -0.572346 4
-244.395 767.721 -0.572346 4
-243.855 760.062 -0.572834 4
-243.715 752.502 -0.578099 4
-243.765 748.362 -0.578099 4
-244.355 742.272 -0.578099 4
-245.584 735.902 -0.578099 4
-248.035 726.392 -0.578099 4
-252.225 711.162 -0.578099 4
-255.285 699.752 -0.578099 4
-258.334 688.242 -0.578099 4
-263.385 669.352 -0.578099 4
-266.525 657.842 -0.578099 4
-270.555 642.892 -0.578099 4
-272.584 635.202 -0.578099 4
-276.645 619.992 -0.578099 4
-278.675 612.402 -0.578099 4
-279.825 608.152 -0.578099 4
-280.485 603.721 -0.578099 4
-281.055 599.252 -0.578099 4
-281.315 594.852 -0.578099 4
-281.255 588.742 -0.650243 4
-281.345 565.112 -2.51938 4
-281.415 545.622 -5.25368 4
-281.355 518.182 -8.88132 4
-281.305 498.822 -9.89499 4
-281.345 486.852 -9.898 4
-281.345 475.082 -9.898 4
-281.395 467.272 -9.898 5
-281.345 447.532 -9.898 4
-281.315 435.702 -9.89792 4
-281.275 431.261 -9.89792 4
-280.635 424.642 -9.89792 4
-279.185 418.242 -9.89792 4
-274.735 400.792 -9.89792 4
-272.685 393.162 -9.89792 4
-269.695 381.752 -9.89792 4
-266.575 370.402 -9.89792 4
-261.325 351.602 -9.89785 4
-258.735 344.372 -9.89981 4
-255.915 337.132 -9.89346 4
-253.834 330.292 -9.8417 4
-253.105 328.162 -9.84147 4
-251.785 323.952 -9.84147 4
-250.145 319.752 -9.84147 4
-248.325 315.702 -9.84147 4
-246.145 311.922 -9.84147 4
-240.245 301.612 -9.84147 4
-236.285 294.832 -9.84147 4
-230.365 284.592 -9.84147 4
-224.405 274.372 -9.84147 4
-218.645 264.142 -9.84147 4
-214.715 257.342 -9.84147 4
-208.755 247.122 -9.84147 4
-202.815 236.952 -9.84147 4
-198.985 230.172 -9.84147 4
-195.505 224.462 -9.84147 4
-191.415 219.102 -9.84147 4
-188.485 215.792 -9.84147 4
-184.205 211.542 -9.91129 4
-175.775 203.182 -10.5329 4
-164.715 192.052 -12.3229 4
-153.625 180.932 -14.0993 4
-145.345 172.652 -14.7126 4
-134.195 161.452 -14.7848 4
-125.645 153.312 -14.7848 4
-120.135 147.761 -14.7848 4
-115.815 143.072 -14.7848 4
-112.155 138.082 -14.7848 4
-108.795 132.672 -14.785 4
-102.915 122.452 -14.785 4
-97.035 112.302 -14.785 4
-93.575 106.302 -14.785 5
-89.165 98.642 -14.785 4
-85.185 91.832 -14.7373 4
-81.295 85.062 -14.785 4
-77.315 78.192 -14.7848 4
-71.355 67.971 -14.7848 4
-63.565 54.342 -14.7848 4
-60.605 49.162 -14.7848 4
-58.705 45.432 -14.7848 4
-56.315 39.682 -14.7848 4
-54.355 33.652 -14.7848 4
-52.395 26.092 -14.7848 4
-49.334 14.612 -14.7848 4
-46.285 3.3319999999999 -14.7848 4
-44.645 -1.1280000000002 -14.7848 4
-42.645 -5.3980000000001 -14.7848 4
-40.075 -9.4679999999998 -14.7848 4
-36.834 -12.989 -14.7848 4
-34.055 -16.048 -14.7848 4
-31.775 -19.628 -14.7848 4
-29.885 -23.328 -14.7848 4
-28.665 -27.358 -14.7848 4
-26.605 -34.948 -14.7848 4
-23.625 -46.279 -14.7848 4
-21.565 -53.898 -14.7848 4
-19.915 -59.858 -14.7848 4
-17.915 -64.408 -14.7848 4
-14.955 -69.858 -14.7848 4
-5.1750000000002 -86.798 -14.7848 4
2.9250000000002 -100.538 -14.7848 4
12.635 -117.558 -14.7848 4
26.425 -141.358 -14.7848 4
28.475 -144.779 -14.7848 4
32.335 -151.848 -14.7848 4
35.685 -159.538 -14.7848 4
37.655 -165.558 -14.7848 4
39.666 -173.018 -14.7848 4
41.745 -180.668 -14.7848 4
43.615 -188.298 -14.7848 4
45.695 -195.888 -14.7848 4
47.725 -202.388 -14.7848 4
51.235 -210.448 -14.7848 4
55.645 -217.938 -14.7848 4
58.335 -221.718 -14.7848 4
60.965 -225.218 -14.7848 4
65.505 -230.038 -14.7848 4
71.815 -235.768 -14.837 4
74.895 -238.248 -14.8458 4
78.055 -240.468 -14.8429 4
81.175 -242.868 -14.8414 4
84.185 -245.468 -14.8414 4
87.265 -248.208 -14.8413 4
90.585 -251.239 -14.8413 4
93.955 -254.098 -14.8413 4
97.455 -256.918 -14.8413 4
106.555 -262.288 -14.8413 4
116.705 -268.188 -14.8413 4
130.265 -276.188 -14.8413 4
140.435 -282.008 -14.8413 4
154.135 -289.818 -14.8413 4
161.545 -293.838 -14.8413 4
165.575 -295.678 -14.8413 4
169.666 -297.338 -14.8413 4
173.865 -298.788 -14.8413 4
178.145 -299.858 -14.8413 4
182.525 -300.788 -14.8413 4
186.895 -301.308 -14.8413 4
193.585 -301.888 -14.8413 4
203.625 -301.888 -14.8413 4
219.285 -301.898 -14.8413 4
234.985 -301.898 -14.8413 4
246.755 -301.898 -14.8413 4
258.675 -302.158 -14.8413 4
263.435 -301.708 -14.8413 4
267.995 -300.739 -14.8413 4
272.625 -299.128 -14.8413 4
276.745 -297.138 -14.8413 4
280.865 -294.558 -14.8413 4
284.315 -291.418 -14.8413 4
287.475 -287.748 -14.8413 4
289.955 -283.858 -14.8413 4
296.035 -273.638 -14.8413 4
301.725 -263.418 -14.8413 4
306.875 -254.758 -14.8413 4
309.385 -251.348 -14.8413 4
312.265 -248.648 -14.8413 4
315.775 -245.948 -14.8413 4
324.395 -240.989 -14.841 4
331.895 -236.668 -14.8415 4
346.015 -228.498 -14.8415 5
351.545 -225.279 -14.841 4
361.755 -219.378 -14.841 4
372.085 -213.428 -14.8413 4
382.085 -207.438 -14.8413 4
402.555 -195.698 -14.8413 4
419.675 -185.828 -14.8413 4
428.585 -180.908 -14.8413 4
432.295 -177.918 -14.8413 4
435.495 -174.668 -14.8413 4
438.875 -172.158 -14.8413 4
447.475 -167.228 -14.8413 4
467.895 -155.458 -14.8413 4
473.405 -151.838 -14.8413 4
478.675 -147.878 -14.8413 4
483.605 -143.288 -14.8413 4
488.045 -138.418 -14.8413 4
490.975 -134.758 -14.8413 4
493.385 -131.258 -14.8413 4
496.795 -125.518 -14.8413 4
499.615 -119.518 -14.8413 4
502.205 -113.368 -14.8413 4
503.945 -106.908 -14.8413 4
505.595 -98.208 -14.8413 4
505.985 -89.258 -14.8413 4
505.595 -82.739 -14.8413 4
504.375 -73.888 -14.8413 4
503.375 -69.638 -14.8413 4
500.285 -58.178 -14.4282 4
496.155 -43.128 -12.9331 4
493.245 -31.779 -11.296 4
490.045 -20.448 -9.64215 4
487.045 -9.308 -8.02106 4
483.955 2.232 -6.54966 4
481.005 13.782 -5.72544 4
477.635 25.502 -5.52134 4
475.315 31.692 -5.52134 4
472.255 37.642 -5.52134 4
468.965 43.332 -5.52134 4
465.205 48.812 -5.52134 4
462.235 52.172 -5.52134 4
459.235 55.562 -5.52134 4
456.095 58.511 -5.52134 4
452.655 61.412 -5.52134 4
445.385 66.452 -5.52134 4
441.585 68.732 -5.52134 4
437.605 70.752 -5.52134 4
433.435 72.511 -5.52134 4
429.335 74.062 -5.52134 4
425.025 75.282 -5.52134 4
421.115 76.682 -5.52134 4
417.345 78.352 -5.52134 4
412.265 82.072 -5.52134 4
407.895 86.132 -5.52134 4
402.255 91.761 -5.52134 4
396.755 97.202 -5.52134 4
391.135 102.802 -5.52134 4
386.795 106.922 -5.52134 4
384.465 110.482 -5.52134 4
383.395 112.322 -5.52134 4
381.166 115.812 -5.52164 4
378.875 118.862 -5.52164 4
373.015 125.102 -5.52164 4
365.565 135.272 -5.51566 4
357.605 148.692 -5.51566 4
349.916 162.302 -5.51566 4
346.935 167.742 -5.51566 4
344.425 173.612 -5.51566 4
342.565 179.612 -5.51566 4
340.975 187.761 -5.51566 4
340.445 194.202 -5.51566 4
340.295 198.352 -5.51566 4
340.235 206.272 -5.516 4
340.225 218.032 -5.51587 4
340.175 229.721 -5.516 5
340.205 237.642 -5.516 4
340.235 253.402 -5.516 4
340.305 261.272 -5.51587 4
340.175 288.992 -5.51566 4
340.055 316.312 -5.51566 4
340.055 324.172 -5.51566 4
339.985 328.962 -5.51566 4
338.935 333.542 -5.51566 4
337.355 338.032 -5.51566 4
335.305 342.282 -5.51566 4
332.605 346.122 -5.51566 4
329.515 349.712 -5.51566 4
325.895 352.692 -5.51566 4
322.085 355.582 -5.51566 4
315.365 359.471 -5.51566 4
305.125 365.412 -5.51566 4
291.995 373.032 -5.37211 4
284.535 377.582 -4.78201 4
277.765 381.822 -4.24279 4
270.995 385.992 -3.95328 4
264.185 389.842 -3.9032 4
257.375 393.852 -3.90336 4
247.135 399.682 -3.90336 4
240.405 403.592 -3.90336 4
235.166 406.582 -3.90336 4
231.835 409.261 -3.90336 4
228.815 412.212 -3.90336 4
225.166 417.392 -3.90336 4
222.535 423.022 -3.90336 4
221.215 429.261 -3.90336 4
221.085 437.332 -3.90336 4
220.975 449.112 -3.90336 4
221.115 464.712 -3.90336 4
221.005 498.721 -3.903 5
221.015 527.822 -3.90346 4
221.055 543.572 -3.90335 4
220.885 578.752 -3.90335 4
220.885 618.332 -3.90335 4
220.885 637.882 -4.00227 4
221.245 669.632 -4.00227 4
221.495 680.242 -4.00227 4
224.815 691.662 -4.00227 4
228.725 701.902 -4.00227 4
231.035 705.952 -4.00227 4
235.435 712.382 -4.00227 4
237.855 715.672 -4.00227 4
242.245 720.332 -3.86802 4
247.475 724.982 -3.74815 4
251.535 728.102 -3.43076 4
256.175 731.221 -2.9835 4
262.475 734.562 -2.09922 4
265.685 735.942 -1.53281 4
272.205 738.232 -0.278015 4
275.445 739.152 0.346008 4
278.615 739.882 0.965637 4
281.795 740.442 1.59991 4
284.925 740.882 2.24933 4
287.916 741.112 2.89288 4
290.995 741.232 3.55597 4
294.445 741.382 4.2674 4
306.265 741.282 6.58478 4
314.155 741.312 7.95577 4
322.055 741.312 9.23019 4
332.075 741.092 10.7766 4
336.485 741.092 11.3781 4
341.535 741.082 12.0881 4
345.595 741.072 12.6959 0
358.305 741.342 14.6478 0
387.355 741.372 19.1625 0
413.035 741.322 22.9823 0
433.545 741.352 25.8314 0
454.015 741.342 28.4384 0
465.045 741.382 29.7993 0
477.565 741.322 31.2089 0
488.565 741.352 32.3456 0
499.035 741.482 33.3295 0
506.375 741.492 33.9409 0
519.495 741.511 34.9003 0
527.925 741.552 35.4331 0
535.275 741.511 35.8686 0
543.145 741.492 36.249 0
551.605 741.422 36.6529 0
569.395 741.202 37.3741 0
582.205 741.112 37.7549 0
595.145 741.052 37.9048 0
607.905 740.952 38.0811 0
620.185 740.982 38.2134 0
631.715 741.042 38.2696 0
641.685 741.002 38.2891 0
653.985 740.962 38.274 0
666.765 740.942 38.2281 0
679.795 740.942 38.1563 0
692.485 740.992 38.0533 0
704.755 741.011 37.9576 0
716.305 740.922 37.8389 0
732.825 740.872 37.6685 0
740.815 740.922 37.5889 0
751.145 740.942 37.5015 0
759.235 740.942 37.4271 0
777.565 740.842 37.2728 0
793.395 740.862 37.1595 0
809.155 740.882 37.0652 0
835.455 740.912 36.659 0
853.975 740.872 36.3638 0
869.735 740.862 36.0462 0
885.595 740.822 35.6915 0
903.955 740.952 35.2964 0
924.935 740.922 34.9542 0
941.805 740.832 34.7943 0
964.545 740.892 34.5098 0
991.565 740.982 34.2044 0
999.685 740.962 34.1473 0
1010.666 740.942 34.0677 0
1017.625 740.912 34.0125 0
1030.005 740.952 33.9236 0
1047.975 741.002 33.8582 0
1062.455 740.952 33.8218 0
1080.135 740.942 33.7792 0
1093.375 740.992 33.5931 0
1100.885 740.962 33.4864 0
1114.105 741.522 33.5011 0
1126.916 742.602 33.6231 0
1133.205 743.221 33.775 0
1139.535 744.112 33.9281 0
1145.666 744.622 34.1432 0
1151.775 744.602 34.3089 0
1155.025 744.292 34.4488 0
1162.755 743.092 34.7989 0
1167.525 741.782 35.12 0
1171.515 740.572 35.4242 0
1175.135 739.022 35.7467 0
1178.455 737.252 36.0819 0
1181.405 735.282 36.4183 0
1184.225 732.952 36.7799 0
1186.685 730.852 37.1068 0
1189.045 728.422 37.4493 0
1191.065 725.872 37.773 0
1192.895 723.212 38.0843 0
1194.725 720.102 38.3983 0
1196.275 716.532 38.6817 0
1197.335 713.652 38.8727 0
1198.275 710.582 39.046 0
1198.955 707.602 39.193 0
1199.305 705.102 39.3097 0
1199.666 697.011 39.5865 0
1199.735 689.152 39.774 0
1199.775 679.232 39.9493 0
1199.635 669.352 40.0755 0
1199.515 659.342 40.1732 0
1199.365 646.782 40.274 0
1199.416 634.261 40.2813 0
1199.425 614.282 39.9452 0
1199.405 601.822 39.5514 0
1199.375 586.852 38.9027 0
1199.315 574.372 38.223 0
1199.405 556.912 36.9371 0
1199.425 546.992 35.9564 0
1199.416 529.582 34.3082 0
1199.395 512.092 33.1859 0
1199.395 494.572 32.6883 0
1199.485 474.532 32.389 0
1199.416 459.552 32.1251 0
1199.416 449.562 31.92 0
1199.385 442.072 31.7508 0
1199.345 426.032 31.3546 0
1198.015 420.312 31.624 0
